13-3-2021
2
78
90
1
56
90
2
45
98
1
34
90
13-3-2021
2
78
90
0
0
0
1
56
90
0
0
0
2
45
98
0
0
0
1
34
90
0
0
0
13-3-2021
2
78
90
0
0
0
1
56
90
0
0
0
2
45
98
0
0
0
1
34
90
0
0
0
13-3-2021
2
78
90
0
0
0
1
56
90
0
0
0
2
45
98
0
0
0
1
34
90
0
0
0
13-3-2021
2
78
90
0
0
0
1
56
90
0
0
0
2
45
98
0
0
0
1
34
90
0
0
0
13-3-2021
2
78
90
0
0
0
1
56
90
0
0
0
2
45
98
0
0
0
1
34
90
0
0
0
13-3-2021
2
78
90
0
0
0
1
56
90
0
0
0
2
45
98
0
0
0
1
34
90
0
0
0
13-3-2021
0
0
0
0
0
0
0
0
0
0
0
0
0
0
0
0
0
0
0
0
0
0
0
0
13-3-2021
2
78
90
0
0
0
1
56
90
0
0
0
2
45
98
0
0
0
1
34
90
0
0
0
13-3-2021
2
78
90
0
0
0
0
0
0
0
0
0
0
0
0
0
0
0
0
0
0
0
0
0
14-3-2021
0
0
0
0
0
0
0
0
0
0
0
0
0
0
0
0
0
0
0
0
0
0
0
0
28/03/2021
0,0,0
0,0,0
*
Paine,1,100
*
*
0,0,0
0,0,0
*
*
*
0,0,0
0,0,0
*
*
*
0,0,0
0,0,0
*
*
*
28/03/2021
0,0,0
0,0,0
*
Avocado,1,1
*
*
0,0,0
0,0,0
*
*
*
0,0,0
0,0,0
*
*
*
0,0,0
0,0,0
*
*
*
28/03/2021
0,0,0
0,0,0
*
*
*
0,0,0
0,0,0
*
Ciorba,1,100
*
*
0,0,0
0,0,0
*
*
*
0,0,0
0,0,0
*
*
*
28/03/2021
0,0,0
0,0,0
*
Paine,1,100
*
*
0,0,0
0,0,0
*
*
*
0,0,0
0,0,0
*
*
*
0,0,0
0,0,0
*
Ciocolata,1,100
*
*
28/03/2021
0,0,0
0,0,0
*
Branza,1,300
*
*
0,0,0
0,0,0
*
*
*
0,0,0
0,0,0
*
*
*
0,0,0
0,0,0
*
*
*
29/04/2021
0,0,0
0,0,0
*
*
*
0,0,0
0,0,0
*
*
*
0,0,0
0,0,0
*
Sunca,32,100
*
*
0,0,0
0,0,0
*
*
*
29/04/2021
0,0,0
0,0,0
*
Paine,20,100
*
*
0,0,0
0,0,0
*
*
*
0,0,0
0,0,0
*
*
*
0,0,0
0,0,0
*
*
*
29/04/2021
0,0,0
0,0,0
*
Branza,1,100
*
*
0,0,0
0,0,0
*
*
*
0,0,0
0,0,0
*
*
*
0,0,0
0,0,0
*
*
*
29/04/2021
0,0,0
0,0,0
*
Branza,1,100
*
*
0,0,0
0,0,0
*
*
*
0,0,0
0,0,0
*
*
*
0,0,0
0,0,0
*
*
*
